         18.695800 	         119.212500 
         18.695800 	         119.220800 
         18.695800 	         119.229200 
         18.695800 	         119.237500 
         18.695800 	         119.245800 
         18.695800 	         119.254200 
         18.695800 	         119.262500 
         18.695800 	         119.270800 
         18.695800 	         119.279200 
         18.695800 	         119.287500 
         18.695800 	         119.295800 
         18.695800 	         119.304200 
         18.695800 	         119.312500 
         18.695800 	         119.320800 
         18.695800 	         119.329200 
         18.695800 	         119.337500 
         18.695800 	         119.345800 
         18.695800 	         119.354200 
         18.695800 	         119.362500 
         18.695800 	         119.370800 
         18.695800 	         119.379200 
         18.695800 	         119.387500 
         18.695800 	         119.395800 
         18.695800 	         119.404200 
         18.695800 	         119.412500 
         18.695800 	         119.420800 
         18.695800 	         119.429200 
         18.695800 	         119.437500 
         18.695800 	         119.445800 
         18.695800 	         119.454200 
         18.695800 	         119.462500 
         18.695800 	         119.470800 
         18.695800 	         119.479200 
         18.695800 	         119.487500 
         18.695800 	         119.495800 
         18.695800 	         119.504200 
         18.695800 	         119.512500 
         18.695800 	         119.520800 
         18.695800 	         119.529200 
         18.695800 	         119.537500 
         18.695800 	         119.545800 
         18.695800 	         119.554200 
         18.695800 	         119.562500 
         18.695800 	         119.570800 
         18.695800 	         119.579200 
         18.695800 	         119.587500 
         18.695800 	         119.595800 
         18.695800 	         119.604200 
         18.695800 	         119.612500 
         18.695800 	         119.620800 
         18.695800 	         119.629200 
         18.695800 	         119.637500 
         18.695800 	         119.645800 
         18.695800 	         119.654200 
         18.695800 	         119.662500 
         18.695800 	         119.670800 
         18.695800 	         119.679200 
         18.695800 	         119.687500 
         18.695800 	         119.695800 
         18.695800 	         119.704200 
         18.695800 	         119.712500 
         18.695800 	         119.720800 
         18.695800 	         119.729200 
         18.695800 	         119.737500 
         18.695800 	         119.745800 
         18.695800 	         119.754200 
         18.695800 	         119.762500 
         18.695800 	         119.770800 
         18.695800 	         119.779200 
         18.695800 	         119.787500 
         18.695800 	         119.795800 
         18.695800 	         119.804200 
         18.695800 	         119.812500 
         18.695800 	         119.820800 
         18.695800 	         119.829200 
         18.695800 	         119.837500 
         18.695800 	         119.845800 
         18.695800 	         119.854200 
         18.695800 	         119.862500 
         18.695800 	         119.870800 
         18.695800 	         119.879200 
         18.695800 	         119.887500 
         18.695800 	         119.895800 
         18.695800 	         119.904200 
         18.695800 	         119.912500 
         18.695800 	         119.920800 
         18.695800 	         119.929200 
         18.695800 	         119.937500 
         18.695800 	         119.945800 
         18.695800 	         119.954200 
         18.695800 	         119.962500 
         18.695800 	         119.970800 
         18.695800 	         119.979200 
         18.695800 	         119.987500 
         18.695800 	         119.995800 
         18.695800 	         120.004200 
         18.695800 	         120.012500 
         18.695800 	         120.020800 
         18.695800 	         120.029200 
         18.695800 	         120.037500 
         18.695800 	         120.045800 
         18.695800 	         120.054200 
         18.695800 	         120.062500 
         18.695800 	         120.070800 
         18.695800 	         120.079200 
         18.695800 	         120.087500 
         18.695800 	         120.095800 
         18.695800 	         120.104200 
         18.695800 	         120.112500 
         18.695800 	         120.120800 
         18.695800 	         120.129200 
         18.695800 	         120.137500 
         18.695800 	         120.145800 
         18.695800 	         120.154200 
         18.695800 	         120.162500 
         18.695800 	         120.170800 
         18.695800 	         120.179200 
         18.695800 	         120.187500 
         18.695800 	         120.195800 
         18.695800 	         120.204200 
         18.695800 	         120.212500 
         18.695800 	         120.220800 
         18.695800 	         120.229200 
         18.695800 	         120.237500 
         18.695800 	         120.245800 
         18.695800 	         120.254200 
         18.695800 	         120.262500 
         18.695800 	         120.270800 
         18.695800 	         120.279200 
         18.695800 	         120.287500 
         18.695800 	         120.295800 
         18.695800 	         120.304200 
         18.695800 	         120.312500 
         18.695800 	         120.320800 
         18.695800 	         120.329200 
         18.695800 	         120.337500 
         18.695800 	         120.345800 
         18.695800 	         120.354200 
         18.695800 	         120.362500 
         18.695800 	         120.370800 
         18.695800 	         120.379200 
         18.695800 	         120.387500 
         18.695800 	         120.395800 
         18.695800 	         120.404200 
         18.695800 	         120.412500 
         18.695800 	         120.420800 
         18.695800 	         120.429200 
         18.695800 	         120.437500 
         18.695800 	         120.445800 
         18.695800 	         120.454200 
         18.695800 	         120.462500 
         18.695800 	         120.470800 
         18.695800 	         120.479200 
         18.695800 	         120.487500 
         18.695800 	         120.495800 
         18.695800 	         120.504200 
         18.695800 	         120.512500 
         18.695800 	         120.520800 
         18.695800 	         120.529200 
         18.695800 	         120.537500 
         18.695800 	         120.545800 
         18.695800 	         120.554200 
         18.695800 	         120.562500 
         18.695800 	         120.570800 
         18.695800 	         120.579200 
         18.695800 	         120.587500 
         18.695800 	         120.595800 
         18.695800 	         120.604200 
         18.695800 	         120.612500 
         18.695800 	         120.620800 
         18.695800 	         120.629200 
         18.695800 	         120.637500 
         18.695800 	         120.645800 
         18.695800 	         120.654200 
         18.695800 	         120.662500 
         18.695800 	         120.670800 
         18.695800 	         120.679200 
         18.695800 	         120.687500 
         18.695800 	         120.695800 
         18.695800 	         120.704200 
         18.695800 	         120.712500 
         18.695800 	         120.720800 
         18.695800 	         120.729200 
         18.695800 	         120.737500 
         18.695800 	         120.745800 
         18.695800 	         120.754200 
         18.695800 	         120.762500 
         18.695800 	         120.770800 
         18.695800 	         120.779200 
         18.695800 	         120.787500 
         18.695800 	         120.795800 
         18.695800 	         120.804200 
         18.695800 	         120.812500 
         18.695800 	         120.820800 
         18.695800 	         120.829200 
         18.695800 	         120.837500 
         18.695800 	         120.845800 
         18.695800 	         120.854200 
         18.695800 	         120.862500 
         18.695800 	         120.870800 
         18.695800 	         120.879200 
         18.695800 	         120.887500 
         18.695800 	         120.895800 
         18.695800 	         120.904200 
         18.695800 	         120.912500 
         18.695800 	         120.920800 
         18.695800 	         120.929200 
         18.695800 	         120.937500 
         18.695800 	         120.945800 
         18.695800 	         120.954200 
         18.695800 	         120.962500 
         18.695800 	         120.970800 
         18.695800 	         120.979200 
         18.695800 	         120.987500 
         18.695800 	         120.995800 
         18.695800 	         121.004200 
         18.695800 	         121.012500 
         18.695800 	         121.020800 
         18.695800 	         121.029200 
         18.695800 	         121.037500 
         18.695800 	         121.045800 
         18.695800 	         121.054200 
         18.695800 	         121.062500 
         18.695800 	         121.070800 
         18.695800 	         121.079200 
         18.695800 	         121.087500 
         18.695800 	         121.095800 
         18.695800 	         121.104200 
         18.695800 	         121.112500 
         18.695800 	         121.120800 
         18.695800 	         121.129200 
         18.695800 	         121.137500 
         18.695800 	         121.145800 
         18.695800 	         121.154200 
         18.695800 	         121.162500 
         18.695800 	         121.170800 
         18.695800 	         121.179200 
         18.695800 	         121.187500 
         18.695800 	         121.195800 
         18.695800 	         121.204200 
         18.695800 	         121.212500 
         18.695800 	         121.220800 
         18.695800 	         121.229200 
         18.695800 	         121.237500 
         18.695800 	         121.245800 
         18.695800 	         121.254200 
         18.695800 	         121.262500 
         18.695800 	         121.270800 
         18.695800 	         121.279200 
         18.695800 	         121.287500 
         18.695800 	         121.295800 
         18.695800 	         121.304200 
         18.695800 	         121.312500 
         18.695800 	         121.320800 
         18.695800 	         121.329200 
         18.695800 	         121.337500 
         18.695800 	         121.345800 
         18.695800 	         121.354200 
         18.695800 	         121.362500 
         18.695800 	         121.370800 
         18.695800 	         121.379200 
         18.695800 	         121.387500 
         18.695800 	         121.395800 
         18.695800 	         121.404200 
         18.695800 	         121.412500 
         18.695800 	         121.420800 
         18.695800 	         121.429200 
         18.695800 	         121.437500 
         18.695800 	         121.445800 
         18.695800 	         121.454200 
         18.695800 	         121.462500 
         18.695800 	         121.470800 
         18.695800 	         121.479200 
         18.695800 	         121.487500 
         18.695800 	         121.495800 
         18.695800 	         121.504200 
         18.695800 	         121.512500 
         18.695800 	         121.520800 
         18.695800 	         121.529200 
         18.695800 	         121.537500 
         18.695800 	         121.545800 
         18.695800 	         121.554200 
         18.695800 	         121.562500 
         18.695800 	         121.570800 
         18.695800 	         121.579200 
         18.695800 	         121.587500 
         18.695800 	         121.595800 
         18.695800 	         121.604200 
         18.695800 	         121.612500 
         18.695800 	         121.620800 
         18.695800 	         121.629200 
         18.695800 	         121.637500 
         18.695800 	         121.645800 
         18.695800 	         121.654200 
         18.695800 	         121.662500 
         18.695800 	         121.670800 
         18.695800 	         121.679200 
         18.695800 	         121.687500 
         18.695800 	         121.695800 
         18.695800 	         121.704200 
         18.695800 	         121.712500 
         18.695800 	         121.720800 
         18.695800 	         121.729200 
         18.695800 	         121.737500 
         18.695800 	         121.745800 
         18.695800 	         121.754200 
         18.695800 	         121.762500 
         18.695800 	         121.770800 
         18.695800 	         121.779200 
         18.695800 	         121.787500 
         18.695800 	         121.795800 
         18.695800 	         121.804200 
         18.695800 	         121.812500 
         18.695800 	         121.820800 
         18.695800 	         121.829200 
         18.695800 	         121.837500 
         18.695800 	         121.845800 
         18.695800 	         121.854200 
         18.695800 	         121.862500 
         18.695800 	         121.870800 
         18.695800 	         121.879200 
         18.695800 	         121.887500 
         18.695800 	         121.895800 
         18.695800 	         121.904200 
         18.695800 	         121.912500 
         18.695800 	         121.920800 
         18.695800 	         121.929200 
         18.695800 	         121.937500 
         18.695800 	         121.945800 
         18.695800 	         121.954200 
         18.695800 	         121.962500 
         18.695800 	         121.970800 
         18.695800 	         121.979200 
         18.695800 	         121.987500 
         18.695800 	         121.995800 
         18.695800 	         122.004200 
         18.695800 	         122.012500 
         18.695800 	         122.020800 
         18.695800 	         122.029200 
         18.695800 	         122.037500 
         18.695800 	         122.045800 
         18.695800 	         122.054200 
         18.695800 	         122.062500 
         18.695800 	         122.070800 
         18.695800 	         122.079200 
         18.695800 	         122.087500 
         18.695800 	         122.095800 
         18.695800 	         122.104200 
         18.695800 	         122.112500 
         18.695800 	         122.120800 
         18.695800 	         122.129200 
         18.695800 	         122.137500 
         18.695800 	         122.145800 
         18.695800 	         122.154200 
         18.695800 	         122.162500 
         18.695800 	         122.170800 
         18.695800 	         122.179200 
         18.695800 	         122.187500 
         18.695800 	         122.195800 
         18.695800 	         122.204200 
         18.695800 	         122.212500 
         18.695800 	         122.220800 
         18.695800 	         122.229200 
         18.695800 	         122.237500 
         18.695800 	         122.245800 
         18.695800 	         122.254200 
         18.695800 	         122.262500 
         18.695800 	         122.270800 
         18.695800 	         122.279200 
         18.695800 	         122.287500 
         18.695800 	         122.295800 
         18.695800 	         122.304200 
         18.695800 	         122.312500 
         18.695800 	         122.320800 
         18.695800 	         122.329200 
         18.695800 	         122.337500 
         18.695800 	         122.345800 
         18.695800 	         122.354200 
         18.695800 	         122.362500 
         18.695800 	         122.370800 
         18.695800 	         122.379200 
         18.695800 	         122.387500 
         18.695800 	         122.395800 
         18.695800 	         122.404200 
         18.695800 	         122.412500 
         18.695800 	         122.420800 
         18.695800 	         122.429200 
         18.695800 	         122.437500 
         18.695800 	         122.445800 
         18.695800 	         122.454200 
         18.695800 	         122.462500 
         18.695800 	         122.470800 
         18.695800 	         122.479200 
         18.695800 	         122.487500 
         18.695800 	         122.495800 
         18.695800 	         122.504200 
         18.695800 	         122.512500 
         18.695800 	         122.520800 
         18.695800 	         122.529200 
         18.695800 	         122.537500 
         18.695800 	         122.545800 
         18.695800 	         122.554200 
         18.695800 	         122.562500 
         18.695800 	         122.570800 
         18.695800 	         122.579200 
         18.695800 	         122.587500 
         18.695800 	         122.595800 
         18.695800 	         122.604200 
         21.854200 	         119.212500 
         21.854200 	         119.220800 
         21.854200 	         119.229200 
         21.854200 	         119.237500 
         21.854200 	         119.245800 
         21.854200 	         119.254200 
         21.854200 	         119.262500 
         21.854200 	         119.270800 
         21.854200 	         119.279200 
         21.854200 	         119.287500 
         21.854200 	         119.295800 
         21.854200 	         119.304200 
         21.854200 	         119.312500 
         21.854200 	         119.320800 
         21.854200 	         119.329200 
         21.854200 	         119.337500 
         21.854200 	         119.345800 
         21.854200 	         119.354200 
         21.854200 	         119.362500 
         21.854200 	         119.370800 
         21.854200 	         119.379200 
         21.854200 	         119.387500 
         21.854200 	         119.395800 
         21.854200 	         119.404200 
         21.854200 	         119.412500 
         21.854200 	         119.420800 
         21.854200 	         119.429200 
         21.854200 	         119.437500 
         21.854200 	         119.445800 
         21.854200 	         119.454200 
         21.854200 	         119.462500 
         21.854200 	         119.470800 
         21.854200 	         119.479200 
         21.854200 	         119.487500 
         21.854200 	         119.495800 
         21.854200 	         119.504200 
         21.854200 	         119.512500 
         21.854200 	         119.520800 
         21.854200 	         119.529200 
         21.854200 	         119.537500 
         21.854200 	         119.545800 
         21.854200 	         119.554200 
         21.854200 	         119.562500 
         21.854200 	         119.570800 
         21.854200 	         119.579200 
         21.854200 	         119.587500 
         21.854200 	         119.595800 
         21.854200 	         119.604200 
         21.854200 	         119.612500 
         21.854200 	         119.620800 
         21.854200 	         119.629200 
         21.854200 	         119.637500 
         21.854200 	         119.645800 
         21.854200 	         119.654200 
         21.854200 	         119.662500 
         21.854200 	         119.670800 
         21.854200 	         119.679200 
         21.854200 	         119.687500 
         21.854200 	         119.695800 
         21.854200 	         119.704200 
         21.854200 	         119.712500 
         21.854200 	         119.720800 
         21.854200 	         119.729200 
         21.854200 	         119.737500 
         21.854200 	         119.745800 
         21.854200 	         119.754200 
         21.854200 	         119.762500 
         21.854200 	         119.770800 
         21.854200 	         119.779200 
         21.854200 	         119.787500 
         21.854200 	         119.795800 
         21.854200 	         119.804200 
         21.854200 	         119.812500 
         21.854200 	         119.820800 
         21.854200 	         119.829200 
         21.854200 	         119.837500 
         21.854200 	         119.845800 
         21.854200 	         119.854200 
         21.854200 	         119.862500 
         21.854200 	         119.870800 
         21.854200 	         119.879200 
         21.854200 	         119.887500 
         21.854200 	         119.895800 
         21.854200 	         119.904200 
         21.854200 	         119.912500 
         21.854200 	         119.920800 
         21.854200 	         119.929200 
         21.854200 	         119.937500 
         21.854200 	         119.945800 
         21.854200 	         119.954200 
         21.854200 	         119.962500 
         21.854200 	         119.970800 
         21.854200 	         119.979200 
         21.854200 	         119.987500 
         21.854200 	         119.995800 
         21.854200 	         120.004200 
         21.854200 	         120.012500 
         21.854200 	         120.020800 
         21.854200 	         120.029200 
         21.854200 	         120.037500 
         21.854200 	         120.045800 
         21.854200 	         120.054200 
         21.854200 	         120.062500 
         21.854200 	         120.070800 
         21.854200 	         120.079200 
         21.854200 	         120.087500 
         21.854200 	         120.095800 
         21.854200 	         120.104200 
         21.854200 	         120.112500 
         21.854200 	         120.120800 
         21.854200 	         120.129200 
         21.854200 	         120.137500 
         21.854200 	         120.145800 
         21.854200 	         120.154200 
         21.854200 	         120.162500 
         21.854200 	         120.170800 
         21.854200 	         120.179200 
         21.854200 	         120.187500 
         21.854200 	         120.195800 
         21.854200 	         120.204200 
         21.854200 	         120.212500 
         21.854200 	         120.220800 
         21.854200 	         120.229200 
         21.854200 	         120.237500 
         21.854200 	         120.245800 
         21.854200 	         120.254200 
         21.854200 	         120.262500 
         21.854200 	         120.270800 
         21.854200 	         120.279200 
         21.854200 	         120.287500 
         21.854200 	         120.295800 
         21.854200 	         120.304200 
         21.854200 	         120.312500 
         21.854200 	         120.320800 
         21.854200 	         120.329200 
         21.854200 	         120.337500 
         21.854200 	         120.345800 
         21.854200 	         120.354200 
         21.854200 	         120.362500 
         21.854200 	         120.370800 
         21.854200 	         120.379200 
         21.854200 	         120.387500 
         21.854200 	         120.395800 
         21.854200 	         120.404200 
         21.854200 	         120.412500 
         21.854200 	         120.420800 
         21.854200 	         120.429200 
         21.854200 	         120.437500 
         21.854200 	         120.445800 
         21.854200 	         120.454200 
         21.854200 	         120.462500 
         21.854200 	         120.470800 
         21.854200 	         120.479200 
         21.854200 	         120.487500 
         21.854200 	         120.495800 
         21.854200 	         120.504200 
         21.854200 	         120.512500 
         21.854200 	         120.520800 
         21.854200 	         120.529200 
         21.854200 	         120.537500 
         21.854200 	         120.545800 
         21.854200 	         120.554200 
         21.854200 	         120.562500 
         21.854200 	         120.570800 
         21.854200 	         120.579200 
         21.854200 	         120.587500 
         21.854200 	         120.595800 
         21.854200 	         120.604200 
         21.854200 	         120.612500 
         21.854200 	         120.620800 
         21.854200 	         120.629200 
         21.854200 	         120.637500 
         21.854200 	         120.645800 
         21.854200 	         120.654200 
         21.854200 	         120.662500 
         21.854200 	         120.670800 
         21.854200 	         120.679200 
         21.854200 	         120.687500 
         21.854200 	         120.695800 
         21.854200 	         120.704200 
         21.854200 	         120.712500 
         21.854200 	         120.720800 
         21.854200 	         120.729200 
         21.854200 	         120.737500 
         21.854200 	         120.745800 
         21.854200 	         120.754200 
         21.854200 	         120.762500 
         21.854200 	         120.770800 
         21.854200 	         120.779200 
         21.854200 	         120.787500 
         21.854200 	         120.795800 
         21.854200 	         120.804200 
         21.854200 	         120.812500 
         21.854200 	         120.820800 
         21.854200 	         120.829200 
         21.854200 	         120.837500 
         21.854200 	         120.845800 
         21.854200 	         120.854200 
         21.854200 	         120.862500 
         21.854200 	         120.870800 
         21.854200 	         120.879200 
         21.854200 	         120.887500 
         21.854200 	         120.895800 
         21.854200 	         120.904200 
         21.854200 	         120.912500 
         21.854200 	         120.920800 
         21.854200 	         120.929200 
         21.854200 	         120.937500 
         21.854200 	         120.945800 
         21.854200 	         120.954200 
         21.854200 	         120.962500 
         21.854200 	         120.970800 
         21.854200 	         120.979200 
         21.854200 	         120.987500 
         21.854200 	         120.995800 
         21.854200 	         121.004200 
         21.854200 	         121.012500 
         21.854200 	         121.020800 
         21.854200 	         121.029200 
         21.854200 	         121.037500 
         21.854200 	         121.045800 
         21.854200 	         121.054200 
         21.854200 	         121.062500 
         21.854200 	         121.070800 
         21.854200 	         121.079200 
         21.854200 	         121.087500 
         21.854200 	         121.095800 
         21.854200 	         121.104200 
         21.854200 	         121.112500 
         21.854200 	         121.120800 
         21.854200 	         121.129200 
         21.854200 	         121.137500 
         21.854200 	         121.145800 
         21.854200 	         121.154200 
         21.854200 	         121.162500 
         21.854200 	         121.170800 
         21.854200 	         121.179200 
         21.854200 	         121.187500 
         21.854200 	         121.195800 
         21.854200 	         121.204200 
         21.854200 	         121.212500 
         21.854200 	         121.220800 
         21.854200 	         121.229200 
         21.854200 	         121.237500 
         21.854200 	         121.245800 
         21.854200 	         121.254200 
         21.854200 	         121.262500 
         21.854200 	         121.270800 
         21.854200 	         121.279200 
         21.854200 	         121.287500 
         21.854200 	         121.295800 
         21.854200 	         121.304200 
         21.854200 	         121.312500 
         21.854200 	         121.320800 
         21.854200 	         121.329200 
         21.854200 	         121.337500 
         21.854200 	         121.345800 
         21.854200 	         121.354200 
         21.854200 	         121.362500 
         21.854200 	         121.370800 
         21.854200 	         121.379200 
         21.854200 	         121.387500 
         21.854200 	         121.395800 
         21.854200 	         121.404200 
         21.854200 	         121.412500 
         21.854200 	         121.420800 
         21.854200 	         121.429200 
         21.854200 	         121.437500 
         21.854200 	         121.445800 
         21.854200 	         121.454200 
         21.854200 	         121.462500 
         21.854200 	         121.470800 
         21.854200 	         121.479200 
         21.854200 	         121.487500 
         21.854200 	         121.495800 
         21.854200 	         121.504200 
         21.854200 	         121.512500 
         21.854200 	         121.520800 
         21.854200 	         121.529200 
         21.854200 	         121.537500 
         21.854200 	         121.545800 
         21.854200 	         121.554200 
         21.854200 	         121.562500 
         21.854200 	         121.570800 
         21.854200 	         121.579200 
         21.854200 	         121.587500 
         21.854200 	         121.595800 
         21.854200 	         121.604200 
         21.854200 	         121.612500 
         21.854200 	         121.620800 
         21.854200 	         121.629200 
         21.854200 	         121.637500 
         21.854200 	         121.645800 
         21.854200 	         121.654200 
         21.854200 	         121.662500 
         21.854200 	         121.670800 
         21.854200 	         121.679200 
         21.854200 	         121.687500 
         21.854200 	         121.695800 
         21.854200 	         121.704200 
         21.854200 	         121.712500 
         21.854200 	         121.720800 
         21.854200 	         121.729200 
         21.854200 	         121.737500 
         21.854200 	         121.745800 
         21.854200 	         121.754200 
         21.854200 	         121.762500 
         21.854200 	         121.770800 
         21.854200 	         121.779200 
         21.854200 	         121.787500 
         21.854200 	         121.795800 
         21.854200 	         121.804200 
         21.854200 	         121.812500 
         21.854200 	         121.820800 
         21.854200 	         121.829200 
         21.854200 	         121.837500 
         21.854200 	         121.845800 
         21.854200 	         121.854200 
         21.854200 	         121.862500 
         21.854200 	         121.870800 
         21.854200 	         121.879200 
         21.854200 	         121.887500 
         21.854200 	         121.895800 
         21.854200 	         121.904200 
         21.854200 	         121.912500 
         21.854200 	         121.920800 
         21.854200 	         121.929200 
         21.854200 	         121.937500 
         21.854200 	         121.945800 
         21.854200 	         121.954200 
         21.854200 	         121.962500 
         21.854200 	         121.970800 
         21.854200 	         121.979200 
         21.854200 	         121.987500 
         21.854200 	         121.995800 
         21.854200 	         122.004200 
         21.854200 	         122.012500 
         21.854200 	         122.020800 
         21.854200 	         122.029200 
         21.854200 	         122.037500 
         21.854200 	         122.045800 
         21.854200 	         122.054200 
         21.854200 	         122.062500 
         21.854200 	         122.070800 
         21.854200 	         122.079200 
         21.854200 	         122.087500 
         21.854200 	         122.095800 
         21.854200 	         122.104200 
         21.854200 	         122.112500 
         21.854200 	         122.120800 
         21.854200 	         122.129200 
         21.854200 	         122.137500 
         21.854200 	         122.145800 
         21.854200 	         122.154200 
         21.854200 	         122.162500 
         21.854200 	         122.170800 
         21.854200 	         122.179200 
         21.854200 	         122.187500 
         21.854200 	         122.195800 
         21.854200 	         122.204200 
         21.854200 	         122.212500 
         21.854200 	         122.220800 
         21.854200 	         122.229200 
         21.854200 	         122.237500 
         21.854200 	         122.245800 
         21.854200 	         122.254200 
         21.854200 	         122.262500 
         21.854200 	         122.270800 
         21.854200 	         122.279200 
         21.854200 	         122.287500 
         21.854200 	         122.295800 
         21.854200 	         122.304200 
         21.854200 	         122.312500 
         21.854200 	         122.320800 
         21.854200 	         122.329200 
         21.854200 	         122.337500 
         21.854200 	         122.345800 
         21.854200 	         122.354200 
         21.854200 	         122.362500 
         21.854200 	         122.370800 
         21.854200 	         122.379200 
         21.854200 	         122.387500 
         21.854200 	         122.395800 
         21.854200 	         122.404200 
         21.854200 	         122.412500 
         21.854200 	         122.420800 
         21.854200 	         122.429200 
         21.854200 	         122.437500 
         21.854200 	         122.445800 
         21.854200 	         122.454200 
         21.854200 	         122.462500 
         21.854200 	         122.470800 
         21.854200 	         122.479200 
         21.854200 	         122.487500 
         21.854200 	         122.495800 
         21.854200 	         122.504200 
         21.854200 	         122.512500 
         21.854200 	         122.520800 
         21.854200 	         122.529200 
         21.854200 	         122.537500 
         21.854200 	         122.545800 
         21.854200 	         122.554200 
         21.854200 	         122.562500 
         21.854200 	         122.570800 
         21.854200 	         122.579200 
         21.854200 	         122.587500 
         21.854200 	         122.595800 
         21.854200 	         122.604200 
         18.695800 	         119.212500 
         18.704200 	         119.212500 
         18.712500 	         119.212500 
         18.720800 	         119.212500 
         18.729200 	         119.212500 
         18.737500 	         119.212500 
         18.745800 	         119.212500 
         18.754200 	         119.212500 
         18.762500 	         119.212500 
         18.770800 	         119.212500 
         18.779200 	         119.212500 
         18.787500 	         119.212500 
         18.795800 	         119.212500 
         18.804200 	         119.212500 
         18.812500 	         119.212500 
         18.820800 	         119.212500 
         18.829200 	         119.212500 
         18.837500 	         119.212500 
         18.845800 	         119.212500 
         18.854200 	         119.212500 
         18.862500 	         119.212500 
         18.870800 	         119.212500 
         18.879200 	         119.212500 
         18.887500 	         119.212500 
         18.895800 	         119.212500 
         18.904200 	         119.212500 
         18.912500 	         119.212500 
         18.920800 	         119.212500 
         18.929200 	         119.212500 
         18.937500 	         119.212500 
         18.945800 	         119.212500 
         18.954200 	         119.212500 
         18.962500 	         119.212500 
         18.970800 	         119.212500 
         18.979200 	         119.212500 
         18.987500 	         119.212500 
         18.995800 	         119.212500 
         19.004200 	         119.212500 
         19.012500 	         119.212500 
         19.020800 	         119.212500 
         19.029200 	         119.212500 
         19.037500 	         119.212500 
         19.045800 	         119.212500 
         19.054200 	         119.212500 
         19.062500 	         119.212500 
         19.070800 	         119.212500 
         19.079200 	         119.212500 
         19.087500 	         119.212500 
         19.095800 	         119.212500 
         19.104200 	         119.212500 
         19.112500 	         119.212500 
         19.120800 	         119.212500 
         19.129200 	         119.212500 
         19.137500 	         119.212500 
         19.145800 	         119.212500 
         19.154200 	         119.212500 
         19.162500 	         119.212500 
         19.170800 	         119.212500 
         19.179200 	         119.212500 
         19.187500 	         119.212500 
         19.195800 	         119.212500 
         19.204200 	         119.212500 
         19.212500 	         119.212500 
         19.220800 	         119.212500 
         19.229200 	         119.212500 
         19.237500 	         119.212500 
         19.245800 	         119.212500 
         19.254200 	         119.212500 
         19.262500 	         119.212500 
         19.270800 	         119.212500 
         19.279200 	         119.212500 
         19.287500 	         119.212500 
         19.295800 	         119.212500 
         19.304200 	         119.212500 
         19.312500 	         119.212500 
         19.320800 	         119.212500 
         19.329200 	         119.212500 
         19.337500 	         119.212500 
         19.345800 	         119.212500 
         19.354200 	         119.212500 
         19.362500 	         119.212500 
         19.370800 	         119.212500 
         19.379200 	         119.212500 
         19.387500 	         119.212500 
         19.395800 	         119.212500 
         19.404200 	         119.212500 
         19.412500 	         119.212500 
         19.420800 	         119.212500 
         19.429200 	         119.212500 
         19.437500 	         119.212500 
         19.445800 	         119.212500 
         19.454200 	         119.212500 
         19.462500 	         119.212500 
         19.470800 	         119.212500 
         19.479200 	         119.212500 
         19.487500 	         119.212500 
         19.495800 	         119.212500 
         19.504200 	         119.212500 
         19.512500 	         119.212500 
         19.520800 	         119.212500 
         19.529200 	         119.212500 
         19.537500 	         119.212500 
         19.545800 	         119.212500 
         19.554200 	         119.212500 
         19.562500 	         119.212500 
         19.570800 	         119.212500 
         19.579200 	         119.212500 
         19.587500 	         119.212500 
         19.595800 	         119.212500 
         19.604200 	         119.212500 
         19.612500 	         119.212500 
         19.620800 	         119.212500 
         19.629200 	         119.212500 
         19.637500 	         119.212500 
         19.645800 	         119.212500 
         19.654200 	         119.212500 
         19.662500 	         119.212500 
         19.670800 	         119.212500 
         19.679200 	         119.212500 
         19.687500 	         119.212500 
         19.695800 	         119.212500 
         19.704200 	         119.212500 
         19.712500 	         119.212500 
         19.720800 	         119.212500 
         19.729200 	         119.212500 
         19.737500 	         119.212500 
         19.745800 	         119.212500 
         19.754200 	         119.212500 
         19.762500 	         119.212500 
         19.770800 	         119.212500 
         19.779200 	         119.212500 
         19.787500 	         119.212500 
         19.795800 	         119.212500 
         19.804200 	         119.212500 
         19.812500 	         119.212500 
         19.820800 	         119.212500 
         19.829200 	         119.212500 
         19.837500 	         119.212500 
         19.845800 	         119.212500 
         19.854200 	         119.212500 
         19.862500 	         119.212500 
         19.870800 	         119.212500 
         19.879200 	         119.212500 
         19.887500 	         119.212500 
         19.895800 	         119.212500 
         19.904200 	         119.212500 
         19.912500 	         119.212500 
         19.920800 	         119.212500 
         19.929200 	         119.212500 
         19.937500 	         119.212500 
         19.945800 	         119.212500 
         19.954200 	         119.212500 
         19.962500 	         119.212500 
         19.970800 	         119.212500 
         19.979200 	         119.212500 
         19.987500 	         119.212500 
         19.995800 	         119.212500 
         20.004200 	         119.212500 
         20.012500 	         119.212500 
         20.020800 	         119.212500 
         20.029200 	         119.212500 
         20.037500 	         119.212500 
         20.045800 	         119.212500 
         20.054200 	         119.212500 
         20.062500 	         119.212500 
         20.070800 	         119.212500 
         20.079200 	         119.212500 
         20.087500 	         119.212500 
         20.095800 	         119.212500 
         20.104200 	         119.212500 
         20.112500 	         119.212500 
         20.120800 	         119.212500 
         20.129200 	         119.212500 
         20.137500 	         119.212500 
         20.145800 	         119.212500 
         20.154200 	         119.212500 
         20.162500 	         119.212500 
         20.170800 	         119.212500 
         20.179200 	         119.212500 
         20.187500 	         119.212500 
         20.195800 	         119.212500 
         20.204200 	         119.212500 
         20.212500 	         119.212500 
         20.220800 	         119.212500 
         20.229200 	         119.212500 
         20.237500 	         119.212500 
         20.245800 	         119.212500 
         20.254200 	         119.212500 
         20.262500 	         119.212500 
         20.270800 	         119.212500 
         20.279200 	         119.212500 
         20.287500 	         119.212500 
         20.295800 	         119.212500 
         20.304200 	         119.212500 
         20.312500 	         119.212500 
         20.320800 	         119.212500 
         20.329200 	         119.212500 
         20.337500 	         119.212500 
         20.345800 	         119.212500 
         20.354200 	         119.212500 
         20.362500 	         119.212500 
         20.370800 	         119.212500 
         20.379200 	         119.212500 
         20.387500 	         119.212500 
         20.395800 	         119.212500 
         20.404200 	         119.212500 
         20.412500 	         119.212500 
         20.420800 	         119.212500 
         20.429200 	         119.212500 
         20.437500 	         119.212500 
         20.445800 	         119.212500 
         20.454200 	         119.212500 
         20.462500 	         119.212500 
         20.470800 	         119.212500 
         20.479200 	         119.212500 
         20.487500 	         119.212500 
         20.495800 	         119.212500 
         20.504200 	         119.212500 
         20.512500 	         119.212500 
         20.520800 	         119.212500 
         20.529200 	         119.212500 
         20.537500 	         119.212500 
         20.545800 	         119.212500 
         20.554200 	         119.212500 
         20.562500 	         119.212500 
         20.570800 	         119.212500 
         20.579200 	         119.212500 
         20.587500 	         119.212500 
         20.595800 	         119.212500 
         20.604200 	         119.212500 
         20.612500 	         119.212500 
         20.620800 	         119.212500 
         20.629200 	         119.212500 
         20.637500 	         119.212500 
         20.645800 	         119.212500 
         20.654200 	         119.212500 
         20.662500 	         119.212500 
         20.670800 	         119.212500 
         20.679200 	         119.212500 
         20.687500 	         119.212500 
         20.695800 	         119.212500 
         20.704200 	         119.212500 
         20.712500 	         119.212500 
         20.720800 	         119.212500 
         20.729200 	         119.212500 
         20.737500 	         119.212500 
         20.745800 	         119.212500 
         20.754200 	         119.212500 
         20.762500 	         119.212500 
         20.770800 	         119.212500 
         20.779200 	         119.212500 
         20.787500 	         119.212500 
         20.795800 	         119.212500 
         20.804200 	         119.212500 
         20.812500 	         119.212500 
         20.820800 	         119.212500 
         20.829200 	         119.212500 
         20.837500 	         119.212500 
         20.845800 	         119.212500 
         20.854200 	         119.212500 
         20.862500 	         119.212500 
         20.870800 	         119.212500 
         20.879200 	         119.212500 
         20.887500 	         119.212500 
         20.895800 	         119.212500 
         20.904200 	         119.212500 
         20.912500 	         119.212500 
         20.920800 	         119.212500 
         20.929200 	         119.212500 
         20.937500 	         119.212500 
         20.945800 	         119.212500 
         20.954200 	         119.212500 
         20.962500 	         119.212500 
         20.970800 	         119.212500 
         20.979200 	         119.212500 
         20.987500 	         119.212500 
         20.995800 	         119.212500 
         21.004200 	         119.212500 
         21.012500 	         119.212500 
         21.020800 	         119.212500 
         21.029200 	         119.212500 
         21.037500 	         119.212500 
         21.045800 	         119.212500 
         21.054200 	         119.212500 
         21.062500 	         119.212500 
         21.070800 	         119.212500 
         21.079200 	         119.212500 
         21.087500 	         119.212500 
         21.095800 	         119.212500 
         21.104200 	         119.212500 
         21.112500 	         119.212500 
         21.120800 	         119.212500 
         21.129200 	         119.212500 
         21.137500 	         119.212500 
         21.145800 	         119.212500 
         21.154200 	         119.212500 
         21.162500 	         119.212500 
         21.170800 	         119.212500 
         21.179200 	         119.212500 
         21.187500 	         119.212500 
         21.195800 	         119.212500 
         21.204200 	         119.212500 
         21.212500 	         119.212500 
         21.220800 	         119.212500 
         21.229200 	         119.212500 
         21.237500 	         119.212500 
         21.245800 	         119.212500 
         21.254200 	         119.212500 
         21.262500 	         119.212500 
         21.270800 	         119.212500 
         21.279200 	         119.212500 
         21.287500 	         119.212500 
         21.295800 	         119.212500 
         21.304200 	         119.212500 
         21.312500 	         119.212500 
         21.320800 	         119.212500 
         21.329200 	         119.212500 
         21.337500 	         119.212500 
         21.345800 	         119.212500 
         21.354200 	         119.212500 
         21.362500 	         119.212500 
         21.370800 	         119.212500 
         21.379200 	         119.212500 
         21.387500 	         119.212500 
         21.395800 	         119.212500 
         21.404200 	         119.212500 
         21.412500 	         119.212500 
         21.420800 	         119.212500 
         21.429200 	         119.212500 
         21.437500 	         119.212500 
         21.445800 	         119.212500 
         21.454200 	         119.212500 
         21.462500 	         119.212500 
         21.470800 	         119.212500 
         21.479200 	         119.212500 
         21.487500 	         119.212500 
         21.495800 	         119.212500 
         21.504200 	         119.212500 
         21.512500 	         119.212500 
         21.520800 	         119.212500 
         21.529200 	         119.212500 
         21.537500 	         119.212500 
         21.545800 	         119.212500 
         21.554200 	         119.212500 
         21.562500 	         119.212500 
         21.570800 	         119.212500 
         21.579200 	         119.212500 
         21.587500 	         119.212500 
         21.595800 	         119.212500 
         21.604200 	         119.212500 
         21.612500 	         119.212500 
         21.620800 	         119.212500 
         21.629200 	         119.212500 
         21.637500 	         119.212500 
         21.645800 	         119.212500 
         21.654200 	         119.212500 
         21.662500 	         119.212500 
         21.670800 	         119.212500 
         21.679200 	         119.212500 
         21.687500 	         119.212500 
         21.695800 	         119.212500 
         21.704200 	         119.212500 
         21.712500 	         119.212500 
         21.720800 	         119.212500 
         21.729200 	         119.212500 
         21.737500 	         119.212500 
         21.745800 	         119.212500 
         21.754200 	         119.212500 
         21.762500 	         119.212500 
         21.770800 	         119.212500 
         21.779200 	         119.212500 
         21.787500 	         119.212500 
         21.795800 	         119.212500 
         21.804200 	         119.212500 
         21.812500 	         119.212500 
         21.820800 	         119.212500 
         21.829200 	         119.212500 
         21.837500 	         119.212500 
         21.845800 	         119.212500 
         21.854200 	         119.212500 
         18.695800 	         122.604200 
         18.704200 	         122.604200 
         18.712500 	         122.604200 
         18.720800 	         122.604200 
         18.729200 	         122.604200 
         18.737500 	         122.604200 
         18.745800 	         122.604200 
         18.754200 	         122.604200 
         18.762500 	         122.604200 
         18.770800 	         122.604200 
         18.779200 	         122.604200 
         18.787500 	         122.604200 
         18.795800 	         122.604200 
         18.804200 	         122.604200 
         18.812500 	         122.604200 
         18.820800 	         122.604200 
         18.829200 	         122.604200 
         18.837500 	         122.604200 
         18.845800 	         122.604200 
         18.854200 	         122.604200 
         18.862500 	         122.604200 
         18.870800 	         122.604200 
         18.879200 	         122.604200 
         18.887500 	         122.604200 
         18.895800 	         122.604200 
         18.904200 	         122.604200 
         18.912500 	         122.604200 
         18.920800 	         122.604200 
         18.929200 	         122.604200 
         18.937500 	         122.604200 
         18.945800 	         122.604200 
         18.954200 	         122.604200 
         18.962500 	         122.604200 
         18.970800 	         122.604200 
         18.979200 	         122.604200 
         18.987500 	         122.604200 
         18.995800 	         122.604200 
         19.004200 	         122.604200 
         19.012500 	         122.604200 
         19.020800 	         122.604200 
         19.029200 	         122.604200 
         19.037500 	         122.604200 
         19.045800 	         122.604200 
         19.054200 	         122.604200 
         19.062500 	         122.604200 
         19.070800 	         122.604200 
         19.079200 	         122.604200 
         19.087500 	         122.604200 
         19.095800 	         122.604200 
         19.104200 	         122.604200 
         19.112500 	         122.604200 
         19.120800 	         122.604200 
         19.129200 	         122.604200 
         19.137500 	         122.604200 
         19.145800 	         122.604200 
         19.154200 	         122.604200 
         19.162500 	         122.604200 
         19.170800 	         122.604200 
         19.179200 	         122.604200 
         19.187500 	         122.604200 
         19.195800 	         122.604200 
         19.204200 	         122.604200 
         19.212500 	         122.604200 
         19.220800 	         122.604200 
         19.229200 	         122.604200 
         19.237500 	         122.604200 
         19.245800 	         122.604200 
         19.254200 	         122.604200 
         19.262500 	         122.604200 
         19.270800 	         122.604200 
         19.279200 	         122.604200 
         19.287500 	         122.604200 
         19.295800 	         122.604200 
         19.304200 	         122.604200 
         19.312500 	         122.604200 
         19.320800 	         122.604200 
         19.329200 	         122.604200 
         19.337500 	         122.604200 
         19.345800 	         122.604200 
         19.354200 	         122.604200 
         19.362500 	         122.604200 
         19.370800 	         122.604200 
         19.379200 	         122.604200 
         19.387500 	         122.604200 
         19.395800 	         122.604200 
         19.404200 	         122.604200 
         19.412500 	         122.604200 
         19.420800 	         122.604200 
         19.429200 	         122.604200 
         19.437500 	         122.604200 
         19.445800 	         122.604200 
         19.454200 	         122.604200 
         19.462500 	         122.604200 
         19.470800 	         122.604200 
         19.479200 	         122.604200 
         19.487500 	         122.604200 
         19.495800 	         122.604200 
         19.504200 	         122.604200 
         19.512500 	         122.604200 
         19.520800 	         122.604200 
         19.529200 	         122.604200 
         19.537500 	         122.604200 
         19.545800 	         122.604200 
         19.554200 	         122.604200 
         19.562500 	         122.604200 
         19.570800 	         122.604200 
         19.579200 	         122.604200 
         19.587500 	         122.604200 
         19.595800 	         122.604200 
         19.604200 	         122.604200 
         19.612500 	         122.604200 
         19.620800 	         122.604200 
         19.629200 	         122.604200 
         19.637500 	         122.604200 
         19.645800 	         122.604200 
         19.654200 	         122.604200 
         19.662500 	         122.604200 
         19.670800 	         122.604200 
         19.679200 	         122.604200 
         19.687500 	         122.604200 
         19.695800 	         122.604200 
         19.704200 	         122.604200 
         19.712500 	         122.604200 
         19.720800 	         122.604200 
         19.729200 	         122.604200 
         19.737500 	         122.604200 
         19.745800 	         122.604200 
         19.754200 	         122.604200 
         19.762500 	         122.604200 
         19.770800 	         122.604200 
         19.779200 	         122.604200 
         19.787500 	         122.604200 
         19.795800 	         122.604200 
         19.804200 	         122.604200 
         19.812500 	         122.604200 
         19.820800 	         122.604200 
         19.829200 	         122.604200 
         19.837500 	         122.604200 
         19.845800 	         122.604200 
         19.854200 	         122.604200 
         19.862500 	         122.604200 
         19.870800 	         122.604200 
         19.879200 	         122.604200 
         19.887500 	         122.604200 
         19.895800 	         122.604200 
         19.904200 	         122.604200 
         19.912500 	         122.604200 
         19.920800 	         122.604200 
         19.929200 	         122.604200 
         19.937500 	         122.604200 
         19.945800 	         122.604200 
         19.954200 	         122.604200 
         19.962500 	         122.604200 
         19.970800 	         122.604200 
         19.979200 	         122.604200 
         19.987500 	         122.604200 
         19.995800 	         122.604200 
         20.004200 	         122.604200 
         20.012500 	         122.604200 
         20.020800 	         122.604200 
         20.029200 	         122.604200 
         20.037500 	         122.604200 
         20.045800 	         122.604200 
         20.054200 	         122.604200 
         20.062500 	         122.604200 
         20.070800 	         122.604200 
         20.079200 	         122.604200 
         20.087500 	         122.604200 
         20.095800 	         122.604200 
         20.104200 	         122.604200 
         20.112500 	         122.604200 
         20.120800 	         122.604200 
         20.129200 	         122.604200 
         20.137500 	         122.604200 
         20.145800 	         122.604200 
         20.154200 	         122.604200 
         20.162500 	         122.604200 
         20.170800 	         122.604200 
         20.179200 	         122.604200 
         20.187500 	         122.604200 
         20.195800 	         122.604200 
         20.204200 	         122.604200 
         20.212500 	         122.604200 
         20.220800 	         122.604200 
         20.229200 	         122.604200 
         20.237500 	         122.604200 
         20.245800 	         122.604200 
         20.254200 	         122.604200 
         20.262500 	         122.604200 
         20.270800 	         122.604200 
         20.279200 	         122.604200 
         20.287500 	         122.604200 
         20.295800 	         122.604200 
         20.304200 	         122.604200 
         20.312500 	         122.604200 
         20.320800 	         122.604200 
         20.329200 	         122.604200 
         20.337500 	         122.604200 
         20.345800 	         122.604200 
         20.354200 	         122.604200 
         20.362500 	         122.604200 
         20.370800 	         122.604200 
         20.379200 	         122.604200 
         20.387500 	         122.604200 
         20.395800 	         122.604200 
         20.404200 	         122.604200 
         20.412500 	         122.604200 
         20.420800 	         122.604200 
         20.429200 	         122.604200 
         20.437500 	         122.604200 
         20.445800 	         122.604200 
         20.454200 	         122.604200 
         20.462500 	         122.604200 
         20.470800 	         122.604200 
         20.479200 	         122.604200 
         20.487500 	         122.604200 
         20.495800 	         122.604200 
         20.504200 	         122.604200 
         20.512500 	         122.604200 
         20.520800 	         122.604200 
         20.529200 	         122.604200 
         20.537500 	         122.604200 
         20.545800 	         122.604200 
         20.554200 	         122.604200 
         20.562500 	         122.604200 
         20.570800 	         122.604200 
         20.579200 	         122.604200 
         20.587500 	         122.604200 
         20.595800 	         122.604200 
         20.604200 	         122.604200 
         20.612500 	         122.604200 
         20.620800 	         122.604200 
         20.629200 	         122.604200 
         20.637500 	         122.604200 
         20.645800 	         122.604200 
         20.654200 	         122.604200 
         20.662500 	         122.604200 
         20.670800 	         122.604200 
         20.679200 	         122.604200 
         20.687500 	         122.604200 
         20.695800 	         122.604200 
         20.704200 	         122.604200 
         20.712500 	         122.604200 
         20.720800 	         122.604200 
         20.729200 	         122.604200 
         20.737500 	         122.604200 
         20.745800 	         122.604200 
         20.754200 	         122.604200 
         20.762500 	         122.604200 
         20.770800 	         122.604200 
         20.779200 	         122.604200 
         20.787500 	         122.604200 
         20.795800 	         122.604200 
         20.804200 	         122.604200 
         20.812500 	         122.604200 
         20.820800 	         122.604200 
         20.829200 	         122.604200 
         20.837500 	         122.604200 
         20.845800 	         122.604200 
         20.854200 	         122.604200 
         20.862500 	         122.604200 
         20.870800 	         122.604200 
         20.879200 	         122.604200 
         20.887500 	         122.604200 
         20.895800 	         122.604200 
         20.904200 	         122.604200 
         20.912500 	         122.604200 
         20.920800 	         122.604200 
         20.929200 	         122.604200 
         20.937500 	         122.604200 
         20.945800 	         122.604200 
         20.954200 	         122.604200 
         20.962500 	         122.604200 
         20.970800 	         122.604200 
         20.979200 	         122.604200 
         20.987500 	         122.604200 
         20.995800 	         122.604200 
         21.004200 	         122.604200 
         21.012500 	         122.604200 
         21.020800 	         122.604200 
         21.029200 	         122.604200 
         21.037500 	         122.604200 
         21.045800 	         122.604200 
         21.054200 	         122.604200 
         21.062500 	         122.604200 
         21.070800 	         122.604200 
         21.079200 	         122.604200 
         21.087500 	         122.604200 
         21.095800 	         122.604200 
         21.104200 	         122.604200 
         21.112500 	         122.604200 
         21.120800 	         122.604200 
         21.129200 	         122.604200 
         21.137500 	         122.604200 
         21.145800 	         122.604200 
         21.154200 	         122.604200 
         21.162500 	         122.604200 
         21.170800 	         122.604200 
         21.179200 	         122.604200 
         21.187500 	         122.604200 
         21.195800 	         122.604200 
         21.204200 	         122.604200 
         21.212500 	         122.604200 
         21.220800 	         122.604200 
         21.229200 	         122.604200 
         21.237500 	         122.604200 
         21.245800 	         122.604200 
         21.254200 	         122.604200 
         21.262500 	         122.604200 
         21.270800 	         122.604200 
         21.279200 	         122.604200 
         21.287500 	         122.604200 
         21.295800 	         122.604200 
         21.304200 	         122.604200 
         21.312500 	         122.604200 
         21.320800 	         122.604200 
         21.329200 	         122.604200 
         21.337500 	         122.604200 
         21.345800 	         122.604200 
         21.354200 	         122.604200 
         21.362500 	         122.604200 
         21.370800 	         122.604200 
         21.379200 	         122.604200 
         21.387500 	         122.604200 
         21.395800 	         122.604200 
         21.404200 	         122.604200 
         21.412500 	         122.604200 
         21.420800 	         122.604200 
         21.429200 	         122.604200 
         21.437500 	         122.604200 
         21.445800 	         122.604200 
         21.454200 	         122.604200 
         21.462500 	         122.604200 
         21.470800 	         122.604200 
         21.479200 	         122.604200 
         21.487500 	         122.604200 
         21.495800 	         122.604200 
         21.504200 	         122.604200 
         21.512500 	         122.604200 
         21.520800 	         122.604200 
         21.529200 	         122.604200 
         21.537500 	         122.604200 
         21.545800 	         122.604200 
         21.554200 	         122.604200 
         21.562500 	         122.604200 
         21.570800 	         122.604200 
         21.579200 	         122.604200 
         21.587500 	         122.604200 
         21.595800 	         122.604200 
         21.604200 	         122.604200 
         21.612500 	         122.604200 
         21.620800 	         122.604200 
         21.629200 	         122.604200 
         21.637500 	         122.604200 
         21.645800 	         122.604200 
         21.654200 	         122.604200 
         21.662500 	         122.604200 
         21.670800 	         122.604200 
         21.679200 	         122.604200 
         21.687500 	         122.604200 
         21.695800 	         122.604200 
         21.704200 	         122.604200 
         21.712500 	         122.604200 
         21.720800 	         122.604200 
         21.729200 	         122.604200 
         21.737500 	         122.604200 
         21.745800 	         122.604200 
         21.754200 	         122.604200 
         21.762500 	         122.604200 
         21.770800 	         122.604200 
         21.779200 	         122.604200 
         21.787500 	         122.604200 
         21.795800 	         122.604200 
         21.804200 	         122.604200 
         21.812500 	         122.604200 
         21.820800 	         122.604200 
         21.829200 	         122.604200 
         21.837500 	         122.604200 
         21.845800 	         122.604200 
         21.854200 	         122.604200 
